,australian,austrian,belgian,brazilian,canadian,chilean,chinese,colombian,cuban,czech,danish,dutch,egyptian,english,ethiopian,filipino,finnish,french,georgian,german,greek,hungarian,indian,indonesian,iranian-persian,iraqi,italian,japanese,korean,laotian,lebanese,libyan,malaysian,mexican,moroccan,new-zealand,northeastern-united-states,norwegian,pakistani,palestinian,peruvian,polish,portuguese,puerto-rican,russian,saudi-arabian,scottish,south-african,southern-united-states,southwestern-united-states,spanish,swedish,swiss,thai,turkish,venezuelan,vietnamese,welsh
australian,1,0.7321996186815082,0.7645128903704126,0.8027121727637477,0.8459628132980165,0.7454426308149724,0.5033440403556108,0.7005317630374384,0.6946334123343334,0.7143387547476261,0.7324125010406957,0.7615085151951224,0.7563296201298897,0.881412304,0.6126038818669723,0.6386328211026704,0.7382492692458505,0.8589282841282968,0.5825202080657542,0.7819349367262756,0.7723334344483533,0.7077661501130282,0.6023291013868853,0.6552261055572737,0.679840908,0.6929628153470309,0.7692332015577057,0.5068476384827568,0.4269495444369171,0.44774920487613984,0.7033959975056989,0.607745685,0.5745074867276364,0.6296634290740686,0.6673359935116185,0.8465577994143676,0.8233788720790242,0.7260195403438268,0.5046073422792969,0.645815538,0.6640901407452917,0.7509278573524997,0.7917437408968782,0.6611351602483538,0.7820626419308345,0.6652978208045358,0.730650196,0.7963334079070631,0.8022610451872627,0.6676760648741052,0.7693464336436734,0.7555758042525212,0.8050534068595834,0.49620354492487123,0.7807034594692995,0.7063079393572426,0.47399341018799646,0.7535175316363053
austrian,0.7321996186815082,1,0.855616885,0.7501098172748579,0.8750390028906528,0.626087497,0.45371775059787994,0.6527648392728074,0.5552303427316353,0.9193418331775592,0.922485155,0.9126942330357545,0.6466502674325432,0.8955456886536416,0.5285836170310823,0.6067762110395527,0.9089479903281111,0.8424781492903163,0.6359112931073121,0.9289320166480324,0.5934371067559329,0.7996517773384414,0.5716951892046052,0.5836342851280406,0.6740294269120537,0.6218845229443682,0.6033649966501455,0.4880995476338965,0.34479440170347847,0.3545194452599117,0.5952118636236075,0.45420156125204947,0.48320137967188115,0.5596044060885111,0.49701706093784265,0.8698294775010625,0.9079322821856852,0.9191640126316895,0.5008626454359472,0.537948197,0.5128519968542765,0.8961643957130899,0.6784850967366416,0.5454433263213107,0.8565571781993961,0.5653316223734328,0.894988304,0.8474715081258419,0.8452628213743649,0.5977344918639161,0.574105488,0.9326527045156285,0.8703273024264065,0.36161171493463296,0.6915337553539387,0.6688361547931198,0.4184984514549131,0.8115090123492915
belgian,0.7645128903704126,0.855616885,1,0.7575101797108788,0.877411364,0.675687926,0.43622057728023483,0.6850545484810135,0.6213794732453833,0.8250905679486082,0.826637128,0.8897399555529238,0.6923458258702134,0.8848870041179945,0.5910630519520015,0.6274904748634251,0.8251079057186356,0.897048542,0.6304475876578026,0.8827587348753978,0.641437818,0.773489667,0.6016449152404408,0.6111955004121198,0.6887772135401903,0.6488505978938003,0.670015834,0.4428882368593938,0.33582347673215995,0.347017529,0.6484556398774305,0.5078563026272765,0.4987257709246695,0.5819419509287342,0.5412931037870016,0.8057311224192225,0.885816836,0.8363805589497252,0.519114915,0.587777046,0.5855395548313623,0.8595045764180403,0.7422821207204849,0.5908791875064554,0.831412381,0.5801163518350713,0.8608188250407642,0.7949664821249853,0.8449049339557906,0.6314251605535742,0.6444887480879536,0.8518013155386959,0.881617269,0.3807702741377914,0.7217949285950792,0.6782071602172715,0.4047082886535877,0.8206523953196815
brazilian,0.8027121727637477,0.7501098172748579,0.7575101797108788,1,0.8423588840744993,0.8681669526117111,0.5620517614686146,0.828370227,0.8266441044599497,0.742276397,0.7481916330259462,0.7494869606715373,0.844821808,0.8102106788564831,0.6869398464171124,0.7617541210711886,0.7561793353655046,0.8469027621703172,0.6494858595007733,0.8184751965991193,0.7660066243777804,0.7708888977755245,0.744565152,0.7672747472074692,0.7872854568122984,0.7870962688706978,0.7864005378100207,0.5554980422587813,0.46494895338808995,0.5432942885459257,0.7995135621052689,0.6981997737610867,0.6937112014367406,0.7686850141449595,0.7276907859814009,0.7621832158643788,0.8370312107598787,0.7290169451613054,0.6369337076273023,0.7551848158967126,0.7783486653984201,0.779631075,0.8761198304115309,0.7955283721194374,0.815966565,0.7579574188957068,0.6929127630376697,0.8488318705277963,0.8491554333926421,0.7881576549494332,0.8209286721067828,0.7628521022138735,0.7742289668900249,0.5873150684298725,0.8427543519108448,0.8431217945836268,0.6014486186903812,0.6568043905148684
canadian,0.8459628132980165,0.8750390028906528,0.877411364,0.8423588840744993,1,0.7577570950502478,0.5517969224812117,0.7684498302382347,0.6983588689411638,0.8568753776031104,0.889635671,0.9027267003198014,0.7616089763259348,0.929818232,0.6537733430260283,0.7069399329443021,0.889000821,0.9087611108174185,0.6744887038566294,0.9234391195150738,0.72977093,0.8098794893740463,0.675179941,0.7002198967442854,0.7569626082438068,0.7257938366000589,0.7580708370420183,0.5447890620654142,0.44503652603238375,0.4431444903838095,0.7327250658167295,0.5927343266289459,0.581506372,0.691897409,0.6260078828652003,0.8774897405587375,0.9728858388627049,0.8775634298390169,0.5751630519164529,0.6750292424713652,0.6613304134200904,0.8907595724011983,0.798609047,0.6714958450078141,0.8913838024653212,0.6649279004059796,0.8754920633135758,0.8854706990689178,0.9474053434518949,0.7478321046745948,0.7133154955525042,0.8978238215335188,0.8907100053952605,0.47966291936859506,0.8018268708598136,0.7420899269835656,0.4904883914380088,0.8203347169101828
chilean,0.7454426308149724,0.626087497,0.675687926,0.8681669526117111,0.7577570950502478,1,0.5168634465233433,0.8166094152556721,0.8511536042842612,0.6213520425916679,0.6031540464328207,0.629692933,0.8531568040695594,0.7071062197306612,0.6837460835225994,0.7018799515328357,0.6063170656832924,0.7796951232020669,0.5908765619773629,0.7129339144174206,0.7804948173353526,0.7449297992926551,0.7301240115997257,0.7143504079073619,0.7721528691950725,0.7858129593159493,0.776682351,0.4850702732672282,0.42543674976095186,0.5098026687515178,0.8111558153186257,0.7174195426239032,0.6275629501389248,0.8040907045030516,0.7747877665000266,0.6191958808662442,0.7356195305937531,0.5773293716347845,0.6338382835423284,0.7536814959227359,0.835419832,0.6978737765147922,0.8621076497448382,0.7833327787560252,0.7669918011649235,0.7214124784103139,0.5716889181044786,0.7369953199578385,0.771179483,0.8177983707563768,0.8557928966441761,0.6198671940321249,0.6818523962715205,0.5580831011936188,0.8373880446170704,0.826978193,0.5534171032101026,0.5720258761327669
chinese,0.5033440403556108,0.45371775059787994,0.43622057728023483,0.5620517614686146,0.5517969224812117,0.5168634465233433,1,0.5562522822328413,0.4772168554722577,0.4538455080238544,0.4796968630257377,0.44960184266175524,0.49589657527936265,0.46631560975962116,0.46311975,0.783252432,0.4621339235073801,0.4978763066062261,0.3886435821750441,0.5131076977334166,0.42263813740090744,0.4647454587025869,0.5282824543725809,0.7251346365185033,0.48859636884814633,0.49609289134330614,0.44108968887722805,0.8476748956781115,0.8390091980203752,0.5924011127313431,0.47620875859747896,0.39502905259066623,0.6913286359978958,0.4701919914545867,0.4155465738165126,0.45918163125816436,0.5289176234184757,0.44041713644853725,0.4550567584473902,0.43604120677660824,0.5179327558353852,0.48502446555777606,0.49869329172565396,0.4894087443930747,0.5149261390353862,0.4697191865124015,0.4094517777667996,0.5512610635632095,0.5556454855583247,0.49278696628481916,0.4605394837225198,0.4684568872518601,0.4766711024121156,0.6988329070684118,0.48592367194982217,0.5130951414336937,0.6936893107500189,0.35939017966795284
colombian,0.7005317630374384,0.6527648392728074,0.6850545484810135,0.828370227,0.7684498302382347,0.8166094152556721,0.5562522822328413,1,0.7360633320711154,0.6715024702150109,0.6714194465159956,0.6777211689305785,0.7889288561593545,0.7103556566752891,0.6457855384430321,0.691280186,0.6815012565032057,0.7478018169866222,0.6011654020215323,0.7345151857952132,0.6822747373675996,0.7070305766432228,0.7359723135099852,0.6913098115413844,0.7418977696188002,0.7551148226254003,0.6615278912474759,0.5235266231447947,0.45396469668108913,0.5251192733388996,0.7526254849655315,0.6629556133552944,0.624148463,0.7653537400770279,0.6774405909344233,0.6534889066804819,0.7516986749292952,0.6444576388298474,0.6528993753548864,0.7174982346578709,0.7868688350757499,0.7237285988372276,0.7789205831936015,0.7453614672051868,0.750146592,0.710604589,0.616521294,0.7568151074733033,0.7724186472649861,0.7679180656100307,0.7200729316930603,0.6806493203919004,0.7067071608706599,0.5318783528064847,0.7976556943263208,0.7887077196741519,0.5438604222730139,0.6068888452664095
cuban,0.6946334123343334,0.5552303427316353,0.6213794732453833,0.8266441044599497,0.6983588689411638,0.8511536042842612,0.4772168554722577,0.7360633320711154,1,0.5386767705559768,0.5193173549754497,0.5483635661759434,0.8363535837485809,0.6174609501138416,0.6973585393255219,0.6645889859703304,0.52394258,0.742403502,0.5397356819799467,0.6324526677617531,0.7737151647082995,0.684362862,0.7003637805550607,0.7042007721107784,0.7511779341693346,0.7291756886976405,0.7775206173610366,0.4391851233812865,0.42489667053600527,0.47574790841707326,0.8184641447325763,0.7389878708326985,0.6197394273348437,0.7838132689459006,0.8030405031270201,0.5480310326902915,0.6717996865801583,0.501929518,0.595766889,0.7555503274011829,0.7972888462810401,0.6181379993977543,0.861536947,0.8583272500675967,0.6841055432472368,0.6810246108874674,0.4999807982954772,0.6817259332857745,0.7252935617541075,0.8127484796361255,0.8535244518508094,0.5473355502938277,0.6173982353064145,0.5337726022409494,0.8022202633969577,0.7291924039358705,0.5250847321740408,0.45052049704999775
czech,0.7143387547476261,0.9193418331775592,0.8250905679486082,0.742276397,0.8568753776031104,0.6213520425916679,0.4538455080238544,0.6715024702150109,0.5386767705559768,1,0.918529421,0.9155191221204816,0.6197654387608815,0.8756221600231948,0.5146247548156397,0.6167459289518613,0.914910754,0.805935832,0.6368170814385441,0.9334238336621474,0.5678602303439082,0.8230573130510334,0.5597584050973571,0.569271688,0.6334643322233167,0.6111200253874408,0.5850068403168746,0.48100762140110326,0.33873526498432655,0.35840529199196797,0.5569189917630953,0.4393959432856509,0.48712727981417886,0.5627198785836438,0.4440891054533599,0.8686423895596275,0.899805629,0.930516235,0.49919303489257943,0.5223814028565872,0.506851486,0.9266727041158143,0.6618187737949912,0.5412526187159727,0.856544722,0.5715493414040328,0.8693583010707938,0.8398069069719297,0.8387599507308274,0.5998585170916492,0.5487622973722506,0.9343344525347835,0.8523407983203474,0.34781147406660823,0.6648601019884052,0.6728838257263287,0.3976126705588593,0.8236487932615983
danish,0.7324125010406957,0.922485155,0.826637128,0.7481916330259462,0.889635671,0.6031540464328207,0.4796968630257377,0.6714194465159956,0.5193173549754497,0.918529421,1,0.9267753279205272,0.619636027,0.9061693000706152,0.5031245783332874,0.6185952906130178,0.9549442671846204,0.8232423721215115,0.6439727020603727,0.9314252046662598,0.5723966647375248,0.7387998570158524,0.5499845380337469,0.5656397740247664,0.6479611655168406,0.6140501208220082,0.5765498401739503,0.5169072030183202,0.35672872261000355,0.3845068085134447,0.5592550312654787,0.4366761455410601,0.49338216893554104,0.527876839,0.43797957021080625,0.9032449782909245,0.9217638342740291,0.9608775196697875,0.4759964460826354,0.5319498997747301,0.47641610055851974,0.8832803117610066,0.6556068317404511,0.5348049186477455,0.8328332688234341,0.5912536096967526,0.9148109969082633,0.8663571177314067,0.8492587477391749,0.5725843514106506,0.5297433600497473,0.9655591496291756,0.8669393118990087,0.3611162825578953,0.6702862614567168,0.6572859914601552,0.4382577393697803,0.8174632146775577
dutch,0.7615085151951224,0.9126942330357545,0.8897399555529238,0.7494869606715373,0.9027267003198014,0.629692933,0.44960184266175524,0.6777211689305785,0.5483635661759434,0.9155191221204816,0.9267753279205272,1,0.6507510340056458,0.9276275282221421,0.5582032521308685,0.618603601,0.9247073598593212,0.8339165920554882,0.6385438078936495,0.9385817409506814,0.5814483867300003,0.7673145786313964,0.583889583,0.5828658491184548,0.6683784164263741,0.6262962402108061,0.5892336595966342,0.47866578162913087,0.33746863786348563,0.3512402822876481,0.5798827797988853,0.4556600690542838,0.48907473997209167,0.5523562895505391,0.48142786790394265,0.9015765295970937,0.9312701024625712,0.9322945029862177,0.5058090606675983,0.5305295008552384,0.508725949,0.9088476660164443,0.6663004785247478,0.5395690916804385,0.8434722216189485,0.5906888674786391,0.9165835852071246,0.8703162998983044,0.8668881321509235,0.6064843348982011,0.5491591232631553,0.9516033641420641,0.8924035456097971,0.35231323320427876,0.6790705175251533,0.6747075215195282,0.39257221883346327,0.8678865897506715
egyptian,0.7563296201298897,0.6466502674325432,0.6923458258702134,0.844821808,0.7616089763259348,0.8531568040695594,0.49589657527936265,0.7889288561593545,0.8363535837485809,0.6197654387608815,0.619636027,0.6507510340056458,1,0.7069286358728132,0.7559990404596861,0.7071713387743018,0.6221470916284926,0.7820421340124092,0.5994813449212424,0.7243191387382668,0.801103521,0.7589802211044031,0.803663648,0.7533907593624745,0.8628913574026019,0.8847706633273222,0.7577361974699182,0.4794532842974052,0.4131354543008746,0.49602409937747866,0.8948881949361394,0.8160137025467756,0.663651838,0.7674178562683928,0.8503111056975564,0.6269110011782038,0.7409276134127845,0.5839884446706677,0.7122788975528844,0.8297617078417957,0.7860345766551846,0.7174112016996843,0.8652310290992583,0.7808908708008809,0.761148605,0.8161444535587443,0.5825000043753648,0.7749846537270085,0.7734714509295372,0.7870658638429068,0.8377610923394205,0.6410044604302365,0.7000106541152694,0.496807875,0.8960327826595387,0.7927845528615249,0.5010360092081815,0.5617245458234511
english,0.881412304,0.8955456886536416,0.8848870041179945,0.8102106788564831,0.929818232,0.7071062197306612,0.46631560975962116,0.7103556566752891,0.6174609501138416,0.8756221600231948,0.9061693000706152,0.9276275282221421,0.7069286358728132,1,0.5907230162290649,0.6305222995987851,0.9153808616309573,0.9012260761580708,0.6486169722522224,0.9196399225993989,0.6778974177618821,0.7643794051545741,0.6016112610572073,0.612729944,0.6957449623403309,0.6662611227744537,0.6846412828328811,0.49590366747378606,0.3595360890739318,0.3791075124312238,0.6409185454797169,0.526299519,0.5203951748839819,0.5984843853398424,0.5717529256595396,0.926427951,0.944857007,0.9067247433404718,0.5055009290699346,0.5904848077331375,0.5796099601064663,0.8743939755722353,0.7515664136076937,0.6031568507629118,0.8653845208218067,0.640711258,0.9117400653811657,0.8825400342436658,0.8908455684579185,0.6490884469822763,0.6624162518055454,0.9242742717169479,0.9012815748480961,0.3998388218029856,0.7462747310410555,0.7046502672511953,0.43372623175114305,0.8881310097357967
ethiopian,0.6126038818669723,0.5285836170310823,0.5910630519520015,0.6869398464171124,0.6537733430260283,0.6837460835225994,0.46311975,0.6457855384430321,0.6973585393255219,0.5146247548156397,0.5031245783332874,0.5582032521308685,0.7559990404596861,0.5907230162290649,1,0.6327306640176837,0.5357360434742239,0.6528460380324758,0.48798695287611343,0.5945414897212417,0.6357215393358696,0.6587278266791143,0.7811453494256866,0.7075502736174158,0.7438130775618832,0.7327060208676462,0.6238267781104669,0.4189391787963567,0.3818182405607355,0.45069295984377616,0.7554155006980598,0.6842058285515982,0.6471400804329349,0.6342851804117715,0.74953829,0.49137478937520235,0.6342906698585035,0.47713428733479185,0.661328783,0.6773161990732066,0.692952993,0.5992653679365371,0.7359784167424966,0.6559793290195278,0.6451898832479724,0.7219969285442298,0.5057449823273003,0.6749652446460204,0.6596565621889481,0.6600181595493402,0.6764239617612686,0.5389197752431978,0.5831745307456451,0.47797447523099185,0.7364188080352657,0.6092326427231567,0.47526593844252657,0.45536609679110124
filipino,0.6386328211026704,0.6067762110395527,0.6274904748634251,0.7617541210711886,0.7069399329443021,0.7018799515328357,0.783252432,0.691280186,0.6645889859703304,0.6167459289518613,0.6185952906130178,0.618603601,0.7071713387743018,0.6305222995987851,0.6327306640176837,1,0.6110077863521083,0.6604545795749163,0.5151828738365019,0.6989204212654342,0.5619713965171356,0.6795090996582936,0.6935338223175972,0.8286655374951665,0.6923443087516177,0.7078532447037368,0.5887009325985518,0.7504233580272637,0.6907786968954289,0.6432896318336534,0.6491994890450561,0.5544818739850819,0.7710567314273433,0.6242763867288773,0.5468093278773913,0.5937984798500072,0.6963326,0.5629885684503051,0.6087076409567587,0.5939585549054854,0.6632301768933603,0.7006960687493557,0.697744894,0.6749540611653065,0.7088095792188005,0.6676593695710901,0.5464394429160151,0.7290417538233465,0.714835584,0.639932267,0.618180189,0.6119863475241568,0.6319632836764775,0.6883560455526881,0.6555946955064808,0.7146612748365002,0.7092303812159945,0.48236202594042327
finnish,0.7382492692458505,0.9089479903281111,0.8251079057186356,0.7561793353655046,0.889000821,0.6063170656832924,0.4621339235073801,0.6815012565032057,0.52394258,0.914910754,0.9549442671846204,0.9247073598593212,0.6221470916284926,0.9153808616309573,0.5357360434742239,0.6110077863521083,1,0.8202567716444816,0.6553615246399799,0.923536345,0.5681455266979506,0.7377509685894594,0.5733705436794688,0.5744765083288679,0.653861861,0.6126041388143127,0.5806755044416039,0.5033937198023252,0.3485014638978459,0.3708702451790126,0.5708588174560921,0.45684625288760833,0.4908831846441271,0.5356440352157292,0.45010368684433366,0.883471388,0.9173093208510191,0.9484563801103949,0.4925664957506022,0.5381676600722053,0.4889338191821109,0.8822737608732318,0.6590539684357714,0.5312082370429683,0.852646592,0.6020300486201108,0.8968274025734261,0.8646437579994273,0.8465608908913997,0.5795565198071329,0.524254383,0.9649480120355475,0.8606402847424225,0.3557580729039918,0.6746372462162945,0.6505480775839673,0.42530688390165106,0.8275144793993215
french,0.8589282841282968,0.8424781492903163,0.897048542,0.8469027621703172,0.9087611108174185,0.7796951232020669,0.4978763066062261,0.7478018169866222,0.742403502,0.805935832,0.8232423721215115,0.8339165920554882,0.7820421340124092,0.9012260761580708,0.6528460380324758,0.6604545795749163,0.8202567716444816,1,0.636336724,0.8733699220408616,0.7909575110229692,0.7930650028020149,0.6414208275282955,0.664857285,0.7471216144750132,0.7177496914685817,0.8320814494176524,0.49945564895909267,0.39581925752149916,0.42441584308167657,0.7641615010746949,0.6295798579649693,0.5652655719147259,0.6571517647678569,0.6712724715044829,0.816763178,0.9034295989102743,0.8208019385583689,0.5415258858765128,0.7129313553193958,0.6866375296817512,0.8362389429175925,0.8678351199199028,0.7024964531197533,0.8566150077857042,0.6759979822151494,0.8256595903902924,0.8260941247248141,0.8805126802381154,0.7021312396524365,0.8082435504436267,0.8414222367947619,0.9079817388505396,0.45497177568021624,0.8376550941579989,0.744198312,0.48865905664261666,0.7792306939259965
georgian,0.5825202080657542,0.6359112931073121,0.6304475876578026,0.6494858595007733,0.6744887038566294,0.5908765619773629,0.3886435821750441,0.6011654020215323,0.5397356819799467,0.6368170814385441,0.6439727020603727,0.6385438078936495,0.5994813449212424,0.6486169722522224,0.48798695287611343,0.5151828738365019,0.6553615246399799,0.636336724,1,0.66610735,0.5641984307944987,0.5975105752241123,0.5382206487873473,0.5369801244441627,0.6194499720251668,0.5796486788236691,0.5301928114727622,0.3627016255591574,0.299731809,0.3355928410421925,0.5906406743020679,0.4449410203165501,0.4387001848972802,0.5334465189200475,0.4729003701838566,0.598368977,0.6816043224904386,0.6419827123053145,0.47139150894065174,0.5275451870337615,0.5340601365774134,0.6659367461221897,0.6094664909861299,0.5128536555089486,0.6851852246583328,0.4966843548065336,0.5996233989759573,0.6436606132580586,0.6644237135071027,0.5612424415565354,0.5236673702728515,0.6656136426582366,0.6323616783312882,0.3617146044778205,0.6311925728421556,0.5909190158811932,0.37613936974162426,0.5985512173121416
german,0.7819349367262756,0.9289320166480324,0.8827587348753978,0.8184751965991193,0.9234391195150738,0.7129339144174206,0.5131076977334166,0.7345151857952132,0.6324526677617531,0.9334238336621474,0.9314252046662598,0.9385817409506814,0.7243191387382668,0.9196399225993989,0.5945414897212417,0.6989204212654342,0.923536345,0.8733699220408616,0.66610735,1,0.650290777,0.8541445094977449,0.6424550193547861,0.6517387325241984,0.7438879789064117,0.7066624173685394,0.6607830146890895,0.540690065,0.3984646395678354,0.4254563510438395,0.6584726128370915,0.5284358151650553,0.5593623075943801,0.6312963847046643,0.5465073291353568,0.875526166,0.9537768992270464,0.9180626795551787,0.562176026,0.6149612314650297,0.5937833115787591,0.9525520652758568,0.7537058833657495,0.6219465967137253,0.9119223140802105,0.6442839480177087,0.8713005622320034,0.8871405414090798,0.9062960922545847,0.6747129686770076,0.6453990534619645,0.9434903881853643,0.908897336,0.4174593294445321,0.7484820835134359,0.7432265582504001,0.4739434433900736,0.8239901414698996
greek,0.7723334344483533,0.5934371067559329,0.641437818,0.7660066243777804,0.72977093,0.7804948173353526,0.42263813740090744,0.6822747373675996,0.7737151647082995,0.5678602303439082,0.5723966647375248,0.5814483867300003,0.801103521,0.6778974177618821,0.6357215393358696,0.5619713965171356,0.5681455266979506,0.7909575110229692,0.5641984307944987,0.650290777,1,0.6510204762940041,0.5929864786128497,0.5961320846187822,0.7149697101230694,0.70013681,0.8253411452710412,0.42227718054725644,0.3579831339995173,0.40841056429107186,0.8346456689541184,0.727304101,0.5088570845159279,0.6519532326129905,0.7550997188201842,0.6099789771421833,0.7005804120291007,0.5713030405776545,0.5051475853231592,0.7953038690121488,0.7389896114897632,0.6260534511331447,0.8425971747720459,0.7485787286688463,0.6946744622390086,0.6690129655545574,0.5436803669719374,0.6616609955056121,0.7058772879519519,0.6798692365349427,0.8540645563382178,0.5912818520344091,0.6554863024518691,0.4256627009972096,0.8883300599000397,0.6671900550817974,0.4225369862732006,0.5355696881270224
hungarian,0.7077661501130282,0.7996517773384414,0.773489667,0.7708888977755245,0.8098794893740463,0.7449297992926551,0.4647454587025869,0.7070305766432228,0.684362862,0.8230573130510334,0.7387998570158524,0.7673145786313964,0.7589802211044031,0.7643794051545741,0.6587278266791143,0.6795090996582936,0.7377509685894594,0.7930650028020149,0.5975105752241123,0.8541445094977449,0.6510204762940041,1,0.6741568437913358,0.6490028492645886,0.738256568,0.7302256063440579,0.6688633506464583,0.46175649734043983,0.3600830406915491,0.41186973673416954,0.6994273985896997,0.5829632604947069,0.5622882308935516,0.716344122,0.6148950372468331,0.6976035882053786,0.8191985677559325,0.7317932033708724,0.6049553343332629,0.6424563481948751,0.6540382232417737,0.879324269,0.7854127675439099,0.6594356319435348,0.8974274482026796,0.6454578555323902,0.706607549,0.7606615545083159,0.8313477697902052,0.7311364188519632,0.7161934742213844,0.7671783377001985,0.7805407483457707,0.4147222310771922,0.7554871323197409,0.714231486,0.43242943841039144,0.6679345177901643
indian,0.6023291013868853,0.5716951892046052,0.6016449152404408,0.744565152,0.675179941,0.7301240115997257,0.5282824543725809,0.7359723135099852,0.7003637805550607,0.5597584050973571,0.5499845380337469,0.583889583,0.803663648,0.6016112610572073,0.7811453494256866,0.6935338223175972,0.5733705436794688,0.6414208275282955,0.5382206487873473,0.6424550193547861,0.5929864786128497,0.6741568437913358,1,0.8078613169202621,0.7985628588223693,0.7940491956194303,0.5841011715383869,0.4731635310593092,0.40695151077254393,0.5384022059806882,0.756867678,0.699245761,0.7740399849322747,0.7147085127005801,0.7305286525957232,0.5292414458750861,0.654562038,0.5117700493996825,0.9115344356519994,0.6905492068325377,0.7257736318463763,0.6437773639381503,0.7173646262984493,0.6704442484544388,0.6823446606483125,0.7475879977984847,0.5153734406973357,0.7649683231476471,0.6903179726722842,0.7321947650658753,0.653470694,0.5694348820267927,0.6031420017934046,0.5563500009912192,0.7405627347482509,0.7039725561622737,0.5455032149368696,0.47563742366901623
indonesian,0.6552261055572737,0.5836342851280406,0.6111955004121198,0.7672747472074692,0.7002198967442854,0.7143504079073619,0.7251346365185033,0.6913098115413844,0.7042007721107784,0.569271688,0.5656397740247664,0.5828658491184548,0.7533907593624745,0.612729944,0.7075502736174158,0.8286655374951665,0.5744765083288679,0.664857285,0.5369801244441627,0.6517387325241984,0.5961320846187822,0.6490028492645886,0.8078613169202621,1,0.7158053827080031,0.73007659,0.6090614219884986,0.6504870282585719,0.6134678403196104,0.6688328593653363,0.7085058169527215,0.60765354,0.8809347141044992,0.6696253489025411,0.6601308869429999,0.5652445061854194,0.6710213643132419,0.5338135986206202,0.7000070716119554,0.6400651089620454,0.7011313517521748,0.6421683181513332,0.7120778353712436,0.664398843,0.6797155602264499,0.6682193656905215,0.5087467702128429,0.7476507830832463,0.7057458891753243,0.6905426872306818,0.6595998693002004,0.5791884163882243,0.6165587375478817,0.7648361131249792,0.6902922598109381,0.7065266856742465,0.7239550433304758,0.4794460157081674
iranian-persian,0.679840908,0.6740294269120537,0.6887772135401903,0.7872854568122984,0.7569626082438068,0.7721528691950725,0.48859636884814633,0.7418977696188002,0.7511779341693346,0.6334643322233167,0.6479611655168406,0.6683784164263741,0.8628913574026019,0.6957449623403309,0.7438130775618832,0.6923443087516177,0.653861861,0.7471216144750132,0.6194499720251668,0.7438879789064117,0.7149697101230694,0.738256568,0.7985628588223693,0.7158053827080031,1,0.8621238586804107,0.6815809898986626,0.47863880429911143,0.40056613445769335,0.48609434181943517,0.8333642884219841,0.7316345601481731,0.6473621524549519,0.6932024325815986,0.7684376279526626,0.6108006008736485,0.7453523520312949,0.6109084355934399,0.7069989361686801,0.7800828713761807,0.7196161334831733,0.7324794861146477,0.802937253,0.7055873287629492,0.7680247821847109,0.8150320545289803,0.6091794503104092,0.7869815366475251,0.7528936789761059,0.7081857754332362,0.7434697206391762,0.6659865077283033,0.6964012080090055,0.47430513128108315,0.8457628317849288,0.7235825943886997,0.5035339644651647,0.5536847500827425
iraqi,0.6929628153470309,0.6218845229443682,0.6488505978938003,0.7870962688706978,0.7257938366000589,0.7858129593159493,0.49609289134330614,0.7551148226254003,0.7291756886976405,0.6111200253874408,0.6140501208220082,0.6262962402108061,0.8847706633273222,0.6662611227744537,0.7327060208676462,0.7078532447037368,0.6126041388143127,0.7177496914685817,0.5796486788236691,0.7066624173685394,0.70013681,0.7302256063440579,0.7940491956194303,0.73007659,0.8621238586804107,1,0.6826108858866433,0.47240154743607277,0.4021984912085972,0.5068737327460519,0.810357175,0.7281654343391777,0.6943421157886621,0.7038481603282252,0.7347801566959633,0.5935992791380992,0.7090543321595948,0.5642904476032914,0.7055120489849296,0.7633274824565751,0.7224854254839586,0.6992908352893061,0.796968883,0.7246449165536677,0.7324960641463475,0.8440447753780049,0.561684252,0.7612608892372189,0.7248351368091456,0.7099702311094319,0.7412866631929889,0.6236257273827032,0.6599767715310801,0.48039550455274754,0.8143223018701914,0.750423057,0.49700489056180536,0.5346232247995152
italian,0.7692332015577057,0.6033649966501455,0.670015834,0.7864005378100207,0.7580708370420183,0.776682351,0.44108968887722805,0.6615278912474759,0.7775206173610366,0.5850068403168746,0.5765498401739503,0.5892336595966342,0.7577361974699182,0.6846412828328811,0.6238267781104669,0.5887009325985518,0.5806755044416039,0.8320814494176524,0.5301928114727622,0.6607830146890895,0.8253411452710412,0.6688633506464583,0.5841011715383869,0.6090614219884986,0.6815809898986626,0.6826108858866433,1,0.4179940268991949,0.3819270200356235,0.4047276414185445,0.7708934040150697,0.6520185711502364,0.5201583221930264,0.6507943717232795,0.690033383,0.6093736365476797,0.7253581862478089,0.5719031955844948,0.49540012774155795,0.7123979242540153,0.6986545943200685,0.641188678,0.8438185825169736,0.7353777006364491,0.6992180483084834,0.622947406,0.5621726283614401,0.6577949885917638,0.7416060251333698,0.689545061,0.8437003656457321,0.6006997536658171,0.6807117084795625,0.44690049760163114,0.8017381052317513,0.6738141342295904,0.44491988802377996,0.5475678999859028
japanese,0.5068476384827568,0.4880995476338965,0.4428882368593938,0.5554980422587813,0.5447890620654142,0.4850702732672282,0.8476748956781115,0.5235266231447947,0.4391851233812865,0.48100762140110326,0.5169072030183202,0.47866578162913087,0.4794532842974052,0.49590366747378606,0.4189391787963567,0.7504233580272637,0.5033937198023252,0.49945564895909267,0.3627016255591574,0.540690065,0.42227718054725644,0.46175649734043983,0.4731635310593092,0.6504870282585719,0.47863880429911143,0.47240154743607277,0.4179940268991949,1,0.8270163711511026,0.5291339156963094,0.4478898954894909,0.36777542191977647,0.6158519864851615,0.43145646012637034,0.38938521,0.5025881213896166,0.5445522349524476,0.4904351353392365,0.39427981057002065,0.4290401225794198,0.48375119867027383,0.5084699211530321,0.4744541124582879,0.45635561671005803,0.5357813846668473,0.4614486276823007,0.4366816929802734,0.5540706816054368,0.5459657755344111,0.45533686977456794,0.4290274036630337,0.5130893584473514,0.4817854983339943,0.6290697309862963,0.486775603,0.5080917406144853,0.6620954043800837,0.38031241996106296
korean,0.4269495444369171,0.34479440170347847,0.33582347673215995,0.46494895338808995,0.44503652603238375,0.42543674976095186,0.8390091980203752,0.45396469668108913,0.42489667053600527,0.33873526498432655,0.35672872261000355,0.33746863786348563,0.4131354543008746,0.3595360890739318,0.3818182405607355,0.6907786968954289,0.3485014638978459,0.39581925752149916,0.299731809,0.3984646395678354,0.3579831339995173,0.3600830406915491,0.40695151077254393,0.6134678403196104,0.40056613445769335,0.4021984912085972,0.3819270200356235,0.8270163711511026,1,0.5300486053175658,0.3989835898429925,0.30979779441274125,0.5679155371135052,0.39534539211034003,0.34808418454386775,0.3735905283112646,0.4124088011953732,0.3358263267553664,0.3372556266229072,0.3546712372768857,0.4331569324428364,0.37916584083738347,0.41421932019443447,0.3990267263433184,0.422900362,0.3848514341505028,0.2993020289211082,0.43555930405342524,0.4503113550838605,0.4187272418920725,0.3839915374881492,0.35846565137846575,0.36049005664151523,0.6487011284365743,0.4048581046543618,0.42265931301071014,0.6596866346802501,0.2438602818362173
laotian,0.44774920487613984,0.3545194452599117,0.347017529,0.5432942885459257,0.4431444903838095,0.5098026687515178,0.5924011127313431,0.5251192733388996,0.47574790841707326,0.35840529199196797,0.3845068085134447,0.3512402822876481,0.49602409937747866,0.3791075124312238,0.45069295984377616,0.6432896318336534,0.3708702451790126,0.42441584308167657,0.3355928410421925,0.4254563510438395,0.40841056429107186,0.41186973673416954,0.5384022059806882,0.6688328593653363,0.48609434181943517,0.5068737327460519,0.4047276414185445,0.5291339156963094,0.5300486053175658,1,0.47485231812783646,0.40721190565827886,0.6873768857657554,0.4615725570638077,0.4105415541357271,0.3764233642002313,0.42301420301677967,0.33043906930241007,0.4656381725443991,0.43349113609426093,0.4912208966421223,0.4076896391685173,0.47361833557027344,0.4745485661704002,0.4441045081581119,0.4814765534808512,0.31295326365256027,0.49250168630854646,0.44984568402898495,0.46187074144154866,0.44092140783206996,0.37177504762298136,0.391360384,0.7764114347480828,0.4852084278462161,0.49653468034406884,0.7671167589691497,0.2528705978422114
lebanese,0.7033959975056989,0.5952118636236075,0.6484556398774305,0.7995135621052689,0.7327250658167295,0.8111558153186257,0.47620875859747896,0.7526254849655315,0.8184641447325763,0.5569189917630953,0.5592550312654787,0.5798827797988853,0.8948881949361394,0.6409185454797169,0.7554155006980598,0.6491994890450561,0.5708588174560921,0.7641615010746949,0.5906406743020679,0.6584726128370915,0.8346456689541184,0.6994273985896997,0.756867678,0.7085058169527215,0.8333642884219841,0.810357175,0.7708934040150697,0.4478898954894909,0.3989835898429925,0.47485231812783646,1,0.8233229423901529,0.6187236186454006,0.7197024792562549,0.8521968097004906,0.5567328020695104,0.6986690325598797,0.5415496848781421,0.6601140803889104,0.9161975795790113,0.7976594865133918,0.6419847455970741,0.8781892213204623,0.7731083412058182,0.7176560104810035,0.7681818234367241,0.5310545438731047,0.7097519159943201,0.7278607772562261,0.7407147710290211,0.8516082547682058,0.578904099,0.6449998664621996,0.4777352939813073,0.9302841207811955,0.7316087736626962,0.49152046178550307,0.49411634846708435
libyan,0.607745685,0.45420156125204947,0.5078563026272765,0.6981997737610867,0.5927343266289459,0.7174195426239032,0.39502905259066623,0.6629556133552944,0.7389878708326985,0.4393959432856509,0.4366761455410601,0.4556600690542838,0.8160137025467756,0.526299519,0.6842058285515982,0.5544818739850819,0.45684625288760833,0.6295798579649693,0.4449410203165501,0.5284358151650553,0.727304101,0.5829632604947069,0.699245761,0.60765354,0.7316345601481731,0.7281654343391777,0.6520185711502364,0.36777542191977647,0.30979779441274125,0.40721190565827886,0.8233229423901529,1,0.5633881256412654,0.63995683,0.8346088761663024,0.45336436748393016,0.5643804457891031,0.4056916321648332,0.5768704066542479,0.8044048756322453,0.7061818986943127,0.5156220167401248,0.7704001578542404,0.7157773469547949,0.5768128933930695,0.7324575439957242,0.41736178668684465,0.6074489266173752,0.5820291667697648,0.6495776926021773,0.7462524592609195,0.45122357375207867,0.5166719905383793,0.4010849162980439,0.7978736796139756,0.6045945904363674,0.39502370413606275,0.37530486452279455
malaysian,0.5745074867276364,0.48320137967188115,0.4987257709246695,0.6937112014367406,0.581506372,0.6275629501389248,0.6913286359978958,0.624148463,0.6197394273348437,0.48712727981417886,0.49338216893554104,0.48907473997209167,0.663651838,0.5203951748839819,0.6471400804329349,0.7710567314273433,0.4908831846441271,0.5652655719147259,0.4387001848972802,0.5593623075943801,0.5088570845159279,0.5622882308935516,0.7740399849322747,0.8809347141044992,0.6473621524549519,0.6943421157886621,0.5201583221930264,0.6158519864851615,0.5679155371135052,0.6873768857657554,0.6187236186454006,0.5633881256412654,1,0.5911597515746363,0.583852317,0.48388439487919055,0.566735668,0.44739086931944805,0.6665704703251225,0.569987642,0.6315233746063816,0.5477809926248663,0.6301296482932517,0.6182058190871805,0.5810203870119122,0.6615901070687735,0.4308303734525856,0.6746333323423163,0.5887356560131058,0.60276284,0.5755157631244449,0.4990291446036348,0.518504917,0.7529007078402911,0.6042483759917402,0.6275087498589154,0.7184754972973644,0.37562480934464204
mexican,0.6296634290740686,0.5596044060885111,0.5819419509287342,0.7686850141449595,0.691897409,0.8040907045030516,0.4701919914545867,0.7653537400770279,0.7838132689459006,0.5627198785836438,0.527876839,0.5523562895505391,0.7674178562683928,0.5984843853398424,0.6342851804117715,0.6242763867288773,0.5356440352157292,0.6571517647678569,0.5334465189200475,0.6312963847046643,0.6519532326129905,0.716344122,0.7147085127005801,0.6696253489025411,0.6932024325815986,0.7038481603282252,0.6507943717232795,0.43145646012637034,0.39534539211034003,0.4615725570638077,0.7197024792562549,0.63995683,0.5911597515746363,1,0.689678606,0.5380003474044212,0.6626037139996712,0.5081122468913947,0.6339962222382075,0.6583226847817834,0.7733834174621067,0.6539173575302283,0.7264674935209426,0.7192493722345353,0.7089172193187803,0.6322169699202332,0.49297966581789476,0.6486977288349355,0.73298609,0.9675113526071467,0.7124227857103557,0.5518095437942981,0.5986372935999305,0.5212900596038962,0.722249463,0.7201569606328626,0.49728116401463685,0.48290196918106054
moroccan,0.6673359935116185,0.49701706093784265,0.5412931037870016,0.7276907859814009,0.6260078828652003,0.7747877665000266,0.4155465738165126,0.6774405909344233,0.8030405031270201,0.4440891054533599,0.43797957021080625,0.48142786790394265,0.8503111056975564,0.5717529256595396,0.74953829,0.5468093278773913,0.45010368684433366,0.6712724715044829,0.4729003701838566,0.5465073291353568,0.7550997188201842,0.6148950372468331,0.7305286525957232,0.6601308869429999,0.7684376279526626,0.7347801566959633,0.690033383,0.38938521,0.34808418454386775,0.4105415541357271,0.8521968097004906,0.8346088761663024,0.583852317,0.689678606,1,0.47789137267491405,0.5960045281049473,0.4256192759015533,0.5876017188544639,0.778242732,0.7725685600627685,0.5216098742392374,0.8090198984702192,0.7186295837804842,0.6059540557406146,0.7288323890771705,0.4384639721585893,0.6367714381590536,0.6286042888246581,0.7135192936274657,0.8280085453763513,0.46963060338652407,0.5354043117900631,0.4762802585643104,0.8219311117209126,0.6449821986409814,0.4437330061358358,0.41585154171814437
new-zealand,0.8465577994143676,0.8698294775010625,0.8057311224192225,0.7621832158643788,0.8774897405587375,0.6191958808662442,0.45918163125816436,0.6534889066804819,0.5480310326902915,0.8686423895596275,0.9032449782909245,0.9015765295970937,0.6269110011782038,0.926427951,0.49137478937520235,0.5937984798500072,0.883471388,0.816763178,0.598368977,0.875526166,0.6099789771421833,0.6976035882053786,0.5292414458750861,0.5652445061854194,0.6108006008736485,0.5935992791380992,0.6093736365476797,0.5025881213896166,0.3735905283112646,0.3764233642002313,0.5567328020695104,0.45336436748393016,0.48388439487919055,0.5380003474044212,0.47789137267491405,1,0.8944616992728514,0.9051078428589824,0.44602173810027695,0.5195264646134157,0.5024325158037004,0.830445604,0.6565789183420407,0.5479004326872388,0.7892328337084853,0.5805544691948752,0.8797912165449104,0.8641098149843699,0.8280877392262741,0.5846439894286621,0.5710113781931296,0.9067191813966391,0.8439402768891985,0.3901638684823565,0.6720835125324307,0.6637802301341349,0.42709615305440046,0.8307029575489936
northeastern-united-states,0.8233788720790242,0.9079322821856852,0.885816836,0.8370312107598787,0.9728858388627049,0.7356195305937531,0.5289176234184757,0.7516986749292952,0.6717996865801583,0.899805629,0.9217638342740291,0.9312701024625712,0.7409276134127845,0.944857007,0.6342906698585035,0.6963326,0.9173093208510191,0.9034295989102743,0.6816043224904386,0.9537768992270464,0.7005804120291007,0.8191985677559325,0.654562038,0.6710213643132419,0.7453523520312949,0.7090543321595948,0.7253581862478089,0.5445522349524476,0.4124088011953732,0.42301420301677967,0.6986690325598797,0.5643804457891031,0.566735668,0.6626037139996712,0.5960045281049473,0.8944616992728514,1,0.9147483043210677,0.5584943597605581,0.6524341368561623,0.6307499798508825,0.9143272140339681,0.7818255237932394,0.6611111051348154,0.899059002,0.663045881,0.8925959770729096,0.8975158450135238,0.9524158602964757,0.7191542628026645,0.6855838813232473,0.9351196481629092,0.9034035950318213,0.44326015013340714,0.7798582558378694,0.7459051502809296,0.4781718731596641,0.8334170904754304
